       A      B      C      D      E      F      G      H      J      K   
  1  328482 812658 073348 887919 320986 435986 964213 267638 985814 003773 
  2  341298 818485 657398 091297 820368 525990 304831 129574 832989 409881 
  3  798492 850655 105215 146671 114047 066140 589368 295982 146532 971666 
  4  471360 691505 859474 350337 253438 330145 615787 717447 725274 976597 
  5  042840 650232 642231 831028 029268 908291 310196 270512 912692 418215 
  6  843686 446905 933720 022089 638885 094539 969405 444032 215562 879223 
  7  511481 356162 556820 882471 610006 959921 295130 053730 089011 347629 
  8  522689 856423 336498 070421 870043 720282 334467 729304 404019 369036 
  9  033452 014403 577183 454218 040169 589520 664233 442376 068681 280110 
  0  073717 856698 041115 201281 931625 914139 274147 682697 065067 383489 
